2 2 5    0 0 5
         0 1 7
2 5 2    0 0 1 
         1 0 3
10 10 5  0 0 5
         0 1 7
         2 0 5 
         2 1 7
         4 0 5
         4 1 7
         6 0 5
         6 1 7
         8 0 5
         8 1 7
10 5 10  0 0 1
         1 0 3
         0 2 1
         1 2 3
         0 4 1
         1 4 3
         0 6 1
         1 6 3
         0 8 1
         1 8 3
21 15 7  0 0 4
         1 0 2
         0 2 5 
         0 3 7
         2 1 2
         2 3 1
         3 2 2
         2 5 1
         3 4 2
         5 0 3
         6 1 5
         7 2 8
         6 5 2
         9 0 5
         9 1 7
         11 0 5
         11 1 7
         13 0 5
         13 1 7
         10 5 4 
         11 5 2



