2 2 5    0 0 5
         0 2 1

2 5 2    0 0 3
         2 0 7

10 10 5  0 0 5
         0 2 1
         2 0 5
         2 2 1
         4 0 5
         4 2 1 
         6 0 5
         6 2 1
         8 0 5
         8 2 1

10 5 10  0 0 3
         2 0 7
         0 2 3
         2 2 7
         0 4 3
         2 4 7
         0 6 3
         2 6 7
         0 8 3
         2 8 7
21 15 7  0 0 5
        0 2 1
        0 5 4
        2 0 6
        2 2 2
        2 5 8
        4 0 1
        4 3 4
        5 5 4
        5 0 8
        6 2 4
        7 4 5
        8 0 6
        9 2 6
        9 4 2
        10 0 3
        11 2 5
        11 4 1
        12 0 7
        13 2 6
        13 4 2